OC,매출액_증감액,매출원가_증감액,영업외수익_증감액,이자비용_증감액,법인세비용_증감액,당기순이익_증감액,유동자산_증감액,미수금_증감액,재고자산_증감액,비유동자산_증감액,기타비유동자산_증감액,장기미수금_증감액,장기차입금_증감액
0.0,2792376320.0,-10643998.0,-122913762.0,-10376345.0,-67187230.0,1608747305.0,-1359648540.0,154450588.0,9073106.0,2859267311.0,-316200000.0,0.0,35688433.0
0.0,18673265.0,0.0,1369737447.0,-170716293.0,0.0,4218570541.0,-4877154091.0,787112380.0,-348360.0,2029254041.0,35000000.0,0.0,-1001123248.0
0.0,-30013417.0,-1776205.0,-4406683.0,7982223.0,169660.0,-105304124.0,27826392.0,-55470.0,503590.0,-238018206.0,100000.0,0.0,-9593041.0
0.0,2179020670.0,312206615.0,33436412.0,18920952.0,0.0,184402245.0,3535249679.0,3132667033.0,102605576.0,16681779738.0,0.0,0.0,4089146674.0
0.0,-30013417.0,-1776205.0,-4406683.0,7982223.0,169660.0,-105304124.0,27826392.0,-55470.0,503590.0,-238018206.0,100000.0,0.0,-9593041.0
0.0,2792376320.0,-10643998.0,-122913762.0,-10376345.0,-67187230.0,1608747305.0,-1359648540.0,154450588.0,9073106.0,2859267311.0,-316200000.0,0.0,35688433.0
0.0,18673265.0,0.0,1369737447.0,-170716293.0,0.0,4218570541.0,-4877154091.0,787112380.0,-348360.0,2029254041.0,35000000.0,0.0,-1001123248.0
0.0,2101070524.0,226678729.0,-60727917.0,-149514804.0,0.0,2021146854.0,0.0,0.0,0.0,0.0,0.0,0.0,0.0
0.0,2792376320.0,-10643998.0,-122913762.0,-10376345.0,-67187230.0,1608747305.0,-1359648540.0,154450588.0,9073106.0,2859267311.0,-316200000.0,0.0,35688433.0
0.0,2792376320.0,-10643998.0,-122913762.0,-10376345.0,-67187230.0,1608747305.0,-1359648540.0,154450588.0,9073106.0,2859267311.0,-316200000.0,0.0,35688433.0
0.0,2179020670.0,312206615.0,33436412.0,18920952.0,0.0,184402245.0,3535249679.0,3132667033.0,102605576.0,16681779738.0,0.0,0.0,4089146674.0
0.0,-30013417.0,-1776205.0,-4406683.0,7982223.0,169660.0,-105304124.0,27826392.0,-55470.0,503590.0,-238018206.0,100000.0,0.0,-9593041.0
0.0,2179020670.0,312206615.0,33436412.0,18920952.0,0.0,184402245.0,3535249679.0,3132667033.0,102605576.0,16681779738.0,0.0,0.0,4089146674.0
0.0,18673265.0,0.0,1369737447.0,-170716293.0,0.0,4218570541.0,-4877154091.0,787112380.0,-348360.0,2029254041.0,35000000.0,0.0,-1001123248.0
0.0,2375763729.0,804817755.0,2955084.0,159655690.0,0.0,-2483310603.0,751584827.0,405467387.0,142589392.0,15837101185.0,320748600.0,0.0,6500000000.0
0.0,2179020670.0,312206615.0,33436412.0,18920952.0,0.0,184402245.0,3535249679.0,3132667033.0,102605576.0,16681779738.0,0.0,0.0,4089146674.0
0.0,2375763729.0,804817755.0,2955084.0,159655690.0,0.0,-2483310603.0,751584827.0,405467387.0,142589392.0,15837101185.0,320748600.0,0.0,6500000000.0
0.0,-30013417.0,-1776205.0,-4406683.0,7982223.0,169660.0,-105304124.0,27826392.0,-55470.0,503590.0,-238018206.0,100000.0,0.0,-9593041.0
0.0,-30013417.0,-1776205.0,-4406683.0,7982223.0,169660.0,-105304124.0,27826392.0,-55470.0,503590.0,-238018206.0,100000.0,0.0,-9593041.0
0.0,2375763729.0,804817755.0,2955084.0,159655690.0,0.0,-2483310603.0,751584827.0,405467387.0,142589392.0,15837101185.0,320748600.0,0.0,6500000000.0
0.0,2101070524.0,226678729.0,-60727917.0,-149514804.0,0.0,2021146854.0,0.0,0.0,0.0,0.0,0.0,0.0,0.0
0.0,2375763729.0,804817755.0,2955084.0,159655690.0,0.0,-2483310603.0,751584827.0,405467387.0,142589392.0,15837101185.0,320748600.0,0.0,6500000000.0
0.0,2179020670.0,312206615.0,33436412.0,18920952.0,0.0,184402245.0,3535249679.0,3132667033.0,102605576.0,16681779738.0,0.0,0.0,4089146674.0
0.0,-30013417.0,-1776205.0,-4406683.0,7982223.0,169660.0,-105304124.0,27826392.0,-55470.0,503590.0,-238018206.0,100000.0,0.0,-9593041.0
0.0,2375763729.0,804817755.0,2955084.0,159655690.0,0.0,-2483310603.0,751584827.0,405467387.0,142589392.0,15837101185.0,320748600.0,0.0,6500000000.0
0.0,2375763729.0,804817755.0,2955084.0,159655690.0,0.0,-2483310603.0,751584827.0,405467387.0,142589392.0,15837101185.0,320748600.0,0.0,6500000000.0
0.0,2179020670.0,312206615.0,33436412.0,18920952.0,0.0,184402245.0,3535249679.0,3132667033.0,102605576.0,16681779738.0,0.0,0.0,4089146674.0
0.0,-30013417.0,-1776205.0,-4406683.0,7982223.0,169660.0,-105304124.0,27826392.0,-55470.0,503590.0,-238018206.0,100000.0,0.0,-9593041.0
0.0,2375763729.0,804817755.0,2955084.0,159655690.0,0.0,-2483310603.0,751584827.0,405467387.0,142589392.0,15837101185.0,320748600.0,0.0,6500000000.0
0.0,2179020670.0,312206615.0,33436412.0,18920952.0,0.0,184402245.0,3535249679.0,3132667033.0,102605576.0,16681779738.0,0.0,0.0,4089146674.0
0.0,819148263.0,127642559.0,5166600.0,9456520.0,1151711.0,851264.0,-254642800.0,118368360.0,493000.0,5000000.0,2000000.0,0.0,-20000000.0
0.0,2792376320.0,-10643998.0,-122913762.0,-10376345.0,-67187230.0,1608747305.0,-1359648540.0,154450588.0,9073106.0,2859267311.0,-316200000.0,0.0,35688433.0
0.0,18673265.0,0.0,1369737447.0,-170716293.0,0.0,4218570541.0,-4877154091.0,787112380.0,-348360.0,2029254041.0,35000000.0,0.0,-1001123248.0
0.0,2375763729.0,804817755.0,2955084.0,159655690.0,0.0,-2483310603.0,751584827.0,405467387.0,142589392.0,15837101185.0,320748600.0,0.0,6500000000.0
0.0,-30013417.0,-1776205.0,-4406683.0,7982223.0,169660.0,-105304124.0,27826392.0,-55470.0,503590.0,-238018206.0,100000.0,0.0,-9593041.0
0.0,2179020670.0,312206615.0,33436412.0,18920952.0,0.0,184402245.0,3535249679.0,3132667033.0,102605576.0,16681779738.0,0.0,0.0,4089146674.0
0.0,2101070524.0,226678729.0,-60727917.0,-149514804.0,0.0,2021146854.0,0.0,0.0,0.0,0.0,0.0,0.0,0.0
0.0,18673265.0,0.0,1369737447.0,-170716293.0,0.0,4218570541.0,-4877154091.0,787112380.0,-348360.0,2029254041.0,35000000.0,0.0,-1001123248.0
0.0,2179020670.0,312206615.0,33436412.0,18920952.0,0.0,184402245.0,3535249679.0,3132667033.0,102605576.0,16681779738.0,0.0,0.0,4089146674.0
0.0,819148263.0,127642559.0,5166600.0,9456520.0,1151711.0,851264.0,-254642800.0,118368360.0,493000.0,5000000.0,2000000.0,0.0,-20000000.0
0.0,819148263.0,127642559.0,5166600.0,9456520.0,1151711.0,851264.0,-254642800.0,118368360.0,493000.0,5000000.0,2000000.0,0.0,-20000000.0
0.0,2375763729.0,804817755.0,2955084.0,159655690.0,0.0,-2483310603.0,751584827.0,405467387.0,142589392.0,15837101185.0,320748600.0,0.0,6500000000.0
0.0,819148263.0,127642559.0,5166600.0,9456520.0,1151711.0,851264.0,-254642800.0,118368360.0,493000.0,5000000.0,2000000.0,0.0,-20000000.0
0.0,2101070524.0,226678729.0,-60727917.0,-149514804.0,0.0,2021146854.0,0.0,0.0,0.0,0.0,0.0,0.0,0.0
0.0,-30013417.0,-1776205.0,-4406683.0,7982223.0,169660.0,-105304124.0,27826392.0,-55470.0,503590.0,-238018206.0,100000.0,0.0,-9593041.0
0.0,2375763729.0,804817755.0,2955084.0,159655690.0,0.0,-2483310603.0,751584827.0,405467387.0,142589392.0,15837101185.0,320748600.0,0.0,6500000000.0
0.0,-30013417.0,-1776205.0,-4406683.0,7982223.0,169660.0,-105304124.0,27826392.0,-55470.0,503590.0,-238018206.0,100000.0,0.0,-9593041.0
0.0,819148263.0,127642559.0,5166600.0,9456520.0,1151711.0,851264.0,-254642800.0,118368360.0,493000.0,5000000.0,2000000.0,0.0,-20000000.0
0.0,819148263.0,127642559.0,5166600.0,9456520.0,1151711.0,851264.0,-254642800.0,118368360.0,493000.0,5000000.0,2000000.0,0.0,-20000000.0
0.0,819148263.0,127642559.0,5166600.0,9456520.0,1151711.0,851264.0,-254642800.0,118368360.0,493000.0,5000000.0,2000000.0,0.0,-20000000.0
0.0,2375763729.0,804817755.0,2955084.0,159655690.0,0.0,-2483310603.0,751584827.0,405467387.0,142589392.0,15837101185.0,320748600.0,0.0,6500000000.0
0.0,2101070524.0,226678729.0,-60727917.0,-149514804.0,0.0,2021146854.0,0.0,0.0,0.0,0.0,0.0,0.0,0.0
0.0,819148263.0,127642559.0,5166600.0,9456520.0,1151711.0,851264.0,-254642800.0,118368360.0,493000.0,5000000.0,2000000.0,0.0,-20000000.0
0.0,2792376320.0,-10643998.0,-122913762.0,-10376345.0,-67187230.0,1608747305.0,-1359648540.0,154450588.0,9073106.0,2859267311.0,-316200000.0,0.0,35688433.0
0.0,2375763729.0,804817755.0,2955084.0,159655690.0,0.0,-2483310603.0,751584827.0,405467387.0,142589392.0,15837101185.0,320748600.0,0.0,6500000000.0
0.0,-30013417.0,-1776205.0,-4406683.0,7982223.0,169660.0,-105304124.0,27826392.0,-55470.0,503590.0,-238018206.0,100000.0,0.0,-9593041.0
0.0,18673265.0,0.0,1369737447.0,-170716293.0,0.0,4218570541.0,-4877154091.0,787112380.0,-348360.0,2029254041.0,35000000.0,0.0,-1001123248.0
0.0,18673265.0,0.0,1369737447.0,-170716293.0,0.0,4218570541.0,-4877154091.0,787112380.0,-348360.0,2029254041.0,35000000.0,0.0,-1001123248.0
0.0,2792376320.0,-10643998.0,-122913762.0,-10376345.0,-67187230.0,1608747305.0,-1359648540.0,154450588.0,9073106.0,2859267311.0,-316200000.0,0.0,35688433.0
0.0,2375763729.0,804817755.0,2955084.0,159655690.0,0.0,-2483310603.0,751584827.0,405467387.0,142589392.0,15837101185.0,320748600.0,0.0,6500000000.0
0.0,2179020670.0,312206615.0,33436412.0,18920952.0,0.0,184402245.0,3535249679.0,3132667033.0,102605576.0,16681779738.0,0.0,0.0,4089146674.0
0.0,2101070524.0,226678729.0,-60727917.0,-149514804.0,0.0,2021146854.0,0.0,0.0,0.0,0.0,0.0,0.0,0.0
0.0,18673265.0,0.0,1369737447.0,-170716293.0,0.0,4218570541.0,-4877154091.0,787112380.0,-348360.0,2029254041.0,35000000.0,0.0,-1001123248.0
0.0,-30013417.0,-1776205.0,-4406683.0,7982223.0,169660.0,-105304124.0,27826392.0,-55470.0,503590.0,-238018206.0,100000.0,0.0,-9593041.0
0.0,-30013417.0,-1776205.0,-4406683.0,7982223.0,169660.0,-105304124.0,27826392.0,-55470.0,503590.0,-238018206.0,100000.0,0.0,-9593041.0
0.0,819148263.0,127642559.0,5166600.0,9456520.0,1151711.0,851264.0,-254642800.0,118368360.0,493000.0,5000000.0,2000000.0,0.0,-20000000.0
0.0,819148263.0,127642559.0,5166600.0,9456520.0,1151711.0,851264.0,-254642800.0,118368360.0,493000.0,5000000.0,2000000.0,0.0,-20000000.0
0.0,2375763729.0,804817755.0,2955084.0,159655690.0,0.0,-2483310603.0,751584827.0,405467387.0,142589392.0,15837101185.0,320748600.0,0.0,6500000000.0
0.0,2179020670.0,312206615.0,33436412.0,18920952.0,0.0,184402245.0,3535249679.0,3132667033.0,102605576.0,16681779738.0,0.0,0.0,4089146674.0
0.0,2792376320.0,-10643998.0,-122913762.0,-10376345.0,-67187230.0,1608747305.0,-1359648540.0,154450588.0,9073106.0,2859267311.0,-316200000.0,0.0,35688433.0
0.0,18673265.0,0.0,1369737447.0,-170716293.0,0.0,4218570541.0,-4877154091.0,787112380.0,-348360.0,2029254041.0,35000000.0,0.0,-1001123248.0
0.0,-30013417.0,-1776205.0,-4406683.0,7982223.0,169660.0,-105304124.0,27826392.0,-55470.0,503590.0,-238018206.0,100000.0,0.0,-9593041.0
0.0,819148263.0,127642559.0,5166600.0,9456520.0,1151711.0,851264.0,-254642800.0,118368360.0,493000.0,5000000.0,2000000.0,0.0,-20000000.0
0.0,819148263.0,127642559.0,5166600.0,9456520.0,1151711.0,851264.0,-254642800.0,118368360.0,493000.0,5000000.0,2000000.0,0.0,-20000000.0
0.0,2792376320.0,-10643998.0,-122913762.0,-10376345.0,-67187230.0,1608747305.0,-1359648540.0,154450588.0,9073106.0,2859267311.0,-316200000.0,0.0,35688433.0
0.0,18673265.0,0.0,1369737447.0,-170716293.0,0.0,4218570541.0,-4877154091.0,787112380.0,-348360.0,2029254041.0,35000000.0,0.0,-1001123248.0
0.0,2101070524.0,226678729.0,-60727917.0,-149514804.0,0.0,2021146854.0,0.0,0.0,0.0,0.0,0.0,0.0,0.0
0.0,2101070524.0,226678729.0,-60727917.0,-149514804.0,0.0,2021146854.0,0.0,0.0,0.0,0.0,0.0,0.0,0.0
0.0,18673265.0,0.0,1369737447.0,-170716293.0,0.0,4218570541.0,-4877154091.0,787112380.0,-348360.0,2029254041.0,35000000.0,0.0,-1001123248.0
0.0,819148263.0,127642559.0,5166600.0,9456520.0,1151711.0,851264.0,-254642800.0,118368360.0,493000.0,5000000.0,2000000.0,0.0,-20000000.0
1.0,532344540.0,0.0,-20030912.0,66808163.0,56579080.0,2705028476.0,-3615201772.0,166624676.0,18503365.0,7924605887.0,-3634028859.0,0.0,608750000.0
1.0,-24891968.0,0.0,378031.0,8558608.0,0.0,170155454.0,0.0,0.0,0.0,0.0,0.0,0.0,0.0
1.0,562606300.0,0.0,-3539497.0,-7668861.0,135105880.0,128208830.0,1044908180.0,0.0,1081200.0,-91414427.0,0.0,0.0,299995380.0
1.0,0.0,265274943.0,5758746.0,441047279.0,0.0,-3968955204.0,0.0,0.0,0.0,0.0,0.0,0.0,0.0
1.0,7639713336.0,4516312237.0,-8871063.0,0.0,-826085593.0,-287888192.0,1716990189.0,501011311.0,255541253.0,1639100997.0,266319000.0,0.0,0.0
1.0,-16285542.0,0.0,55637309.0,37715254.0,-606800.0,-152873005.0,71604310.0,0.0,3420268.0,-129535539.0,0.0,0.0,0.0
1.0,1090688455.0,0.0,-59125346.0,-29073999.0,0.0,115356538.0,341900682.0,0.0,-44162211.0,-179211470.0,0.0,0.0,0.0
1.0,-696059229.0,-19477522.0,-121553465.0,-10565494.0,73585188.0,-684413702.0,-685643723.0,-7024930.0,959988.0,5674305605.0,-288650000.0,0.0,3000000000.0
1.0,1421683118.0,127569443.0,1519351.0,-422163.0,0.0,1066174.0,-274392534.0,-153324091.0,3020070.0,-129255315.0,-50642960.0,0.0,-75525978.0
1.0,172146420.0,28262178.0,-38878630.0,49965.0,0.0,10533846.0,93966476.0,74436830.0,235200.0,-53269618.0,11910000.0,0.0,0.0
1.0,-1493229796.0,0.0,-26712035.0,-1496080.0,0.0,-850817374.0,-169262014.0,0.0,35107704.0,-58914854.0,0.0,0.0,0.0
1.0,168774997.0,-6265028.0,11862287.0,37758383.0,49634650.0,-12144512.0,1835592110.0,-18209510.0,-7016158.0,561713119.0,27405338.0,0.0,990000000.0
1.0,2750405748.0,67785247.0,33172563.0,39330601.0,23760.0,-11039726.0,410557265.0,271181283.0,18038659.0,2388729410.0,100000000.0,0.0,890000000.0
1.0,13950126687.0,0.0,-249223657.0,230116192.0,911707170.0,2138378743.0,1596517915.0,-30355690.0,75933616.0,4570213635.0,121838710.0,0.0,-6958640000.0
1.0,-219404648.0,-29843198.0,7626808.0,-3174412.0,-46803310.0,-54548543.0,-710476590.0,72036.0,-3672530.0,-132979138.0,-186664406.0,0.0,-4731500000.0
1.0,-2096808877.0,-359563099.0,105133226.0,0.0,588240.0,1051620321.0,-1167492044.0,316649650.0,-30885321.0,-659828788.0,0.0,0.0,0.0
1.0,1408252263.0,0.0,43082254.0,4472586.0,-16612670.0,453227831.0,-1073806673.0,-252999310.0,167460800.0,1336495074.0,0.0,0.0,0.0
1.0,136716566.0,0.0,33573758.0,241334.0,13736549.0,156340421.0,161687718.0,130281784.0,0.0,99199229.0,0.0,0.0,0.0
1.0,590926125.0,-19057770.0,-4447034.0,-21400186.0,6874180.0,62598096.0,216256979.0,0.0,-47520177.0,112875609.0,0.0,0.0,2849480000.0
1.0,1408252263.0,0.0,43082254.0,4472586.0,-16612670.0,453227831.0,-1073806673.0,-252999310.0,167460800.0,1336495074.0,0.0,0.0,0.0
1.0,280383244.0,2303250.0,40653557.0,-2360962.0,48853470.0,-88124746.0,117296985.0,74423768.0,246525.0,94510440.0,47680000.0,0.0,0.0
1.0,37243828221.0,0.0,363521090.0,177820236.0,0.0,-313676215.0,8621573290.0,12758083.0,164581153.0,25422281945.0,118120000.0,0.0,770000000.0
1.0,2496734045.0,1558408865.0,13924126.0,72930720.0,-120310465.0,-533002987.0,1374111043.0,-5784591.0,103134896.0,358061612.0,232900000.0,0.0,98724433.0
1.0,1473977500.0,187540755.0,-91459882.0,27412108.0,-29025470.0,231416695.0,1692738781.0,115111567.0,-14289681.0,494169273.0,273300000.0,0.0,2646234327.0
1.0,5649005707.0,0.0,29415255.0,-80540715.0,-45121940.0,64442822.0,1915822505.0,0.0,271612480.0,3595795033.0,29302018.0,0.0,-7846960073.0
1.0,-212402901.0,0.0,29366396.0,-582676.0,1533880.0,3978098.0,29897885.0,-42336572.0,26587185.0,-101259128.0,3000000.0,0.0,-246663340.0
1.0,-47424648.0,-26798489.0,531621.0,21768742.0,0.0,-24766458.0,-10536240.0,67632256.0,-16484006.0,14988660.0,-22710000.0,0.0,22500000.0
1.0,-1146360641.0,0.0,317123784.0,-291355934.0,0.0,206683267.0,495913295.0,-4425300.0,-14298087.0,-2190769781.0,-381012600.0,0.0,-2198706916.0
1.0,2099527310.0,99198923.0,21900684.0,1041483.0,0.0,588031815.0,109447563.0,78171016.0,16917230.0,76350200.0,-500000.0,0.0,20477268.0
1.0,-133452895.0,4381679.0,-17528353.0,7473467.0,6814740.0,-237286878.0,42856311.0,81632250.0,475997.0,34857213.0,-280000.0,0.0,123457646.0
1.0,226168000.0,-19349676.0,-18604058.0,-9079639.0,0.0,-16763389.0,345892121.0,0.0,-1473760.0,-46502143.0,500000.0,0.0,123583808.0
1.0,-30013417.0,-1776205.0,-4406683.0,7982223.0,169660.0,-105304124.0,27826392.0,-55470.0,503590.0,-238018206.0,100000.0,0.0,-9593041.0
1.0,4747614.0,-50583081.0,19729354.0,-452927.0,-666800.0,-137883314.0,2489021.0,-62965660.0,27368685.0,-157057381.0,0.0,0.0,0.0
1.0,1642465262.0,110057756.0,-228108938.0,-30377208.0,56768240.0,232458128.0,734630035.0,343928760.0,6445478.0,468295278.0,744140000.0,0.0,-500000000.0
1.0,2719119459.0,638092900.0,-200859933.0,-8188752.0,21818272.0,-231708811.0,-1098417000.0,-126790.0,72473190.0,3842994794.0,130000000.0,0.0,0.0
1.0,16638570.0,-20387637.0,30496878.0,-87912653.0,592260.0,203061342.0,-71524834.0,10316470.0,-925000.0,-166912459.0,0.0,0.0,-78942318.0
1.0,-38150000.0,15288005.0,-22293325.0,-32343956.0,6320170.0,42860043.0,108609174.0,113092420.0,-1125254.0,5248465.0,2090000.0,0.0,-18380274.0
1.0,2390812845.0,346127516.0,-32217197.0,-70738551.0,160871190.0,1257321194.0,200049548.0,0.0,33087598.0,12382429816.0,-164890000.0,0.0,-23787750.0
1.0,1692685540.0,117444328.0,148511576.0,-12004257.0,-20570220.0,114491951.0,1031076466.0,63766055.0,5053310.0,-560576051.0,0.0,0.0,340000000.0
1.0,482029423.0,0.0,0.0,0.0,0.0,482029423.0,477424779.0,0.0,54015957.0,-307702279.0,20000000.0,0.0,0.0
1.0,137957720.0,0.0,-33700656.0,16116705.0,-11421420.0,2925994.0,988206467.0,0.0,45086624.0,176595315.0,266890400.0,0.0,1100000000.0
1.0,98543332.0,-425333675.0,44463395.0,-75620994.0,77129388.0,-171432342.0,1768879756.0,322934829.0,106193077.0,-1590678470.0,0.0,0.0,-1195110000.0
1.0,258774010.0,54617139.0,542468.0,-5040448.0,52590330.0,253670072.0,253444146.0,3670266.0,-20170770.0,-8474400.0,330000.0,0.0,-6670000.0
1.0,226168000.0,-19349676.0,-18604058.0,-9079639.0,0.0,-16763389.0,345892121.0,0.0,-1473760.0,-46502143.0,500000.0,0.0,123583808.0
1.0,64252150.0,-203540910.0,-41691348.0,-26072166.0,-38604817.0,-132803089.0,240208474.0,218408584.0,4976869.0,194303776.0,76446500.0,0.0,-4250000000.0
1.0,125074567.0,0.0,-128562.0,-728482.0,-3160905.0,8664003.0,-5469293.0,-23643310.0,-2560000.0,37362981.0,10000000.0,0.0,0.0
1.0,960736969.0,0.0,-485395869.0,-42602315.0,0.0,48107111.0,1410307538.0,734093256.0,1059446.0,-2864045213.0,-567000700.0,0.0,-608027465.0
1.0,94618216.0,20089949.0,-680049.0,3676855.0,0.0,-114192498.0,-60510731.0,-27530297.0,12388496.0,3928555.0,8907930.0,0.0,0.0
1.0,5773932624.0,183132952.0,68671924.0,235139031.0,132508438.0,0.0,2421399296.0,772840400.0,33179460.0,4755613924.0,137272100.0,0.0,0.0
1.0,128674095.0,0.0,-22490667.0,441808999.0,0.0,-199172848.0,155804129.0,100748569.0,334020.0,-80824940.0,-2905000.0,0.0,237330440.0
1.0,1175036276.0,0.0,36793550.0,-3997999.0,52543688.0,-161899909.0,238245877.0,597913848.0,0.0,-475085195.0,0.0,0.0,0.0
1.0,4510755010.0,176041710.0,46397182.0,55308705.0,31793780.0,76155305.0,509781961.0,324429480.0,15233928.0,6825751273.0,206960000.0,0.0,0.0
1.0,98087387.0,40949462.0,-1023251.0,30143.0,0.0,-3759840.0,5160542.0,7924390.0,-30662827.0,10688979.0,0.0,0.0,0.0
1.0,-69539477.0,33909657.0,-14791925.0,-74762531.0,392260.0,79817587.0,0.0,0.0,0.0,0.0,0.0,0.0,0.0
1.0,3407011195.0,111765495.0,2713952.0,101767882.0,0.0,1558967278.0,120743529.0,52920938.0,17311149.0,194082328.0,0.0,0.0,4362574732.0
1.0,7742765410.0,817887776.0,566202492.0,-14598492.0,155488800.0,776733441.0,-1322932306.0,-112894082.0,172324451.0,3530589991.0,250650000.0,0.0,-401160000.0
1.0,295107087.0,42891303.0,-55138935.0,61776016.0,-9471270.0,-228692927.0,-492791585.0,509170960.0,3264500.0,-83913773.0,0.0,0.0,0.0
1.0,-1552602787.0,-28015180.0,7931874.0,28256102.0,0.0,400170748.0,54667022.0,-2049330.0,-36562741.0,52298056.0,0.0,0.0,0.0
1.0,-348830200.0,0.0,-16931882.0,2238273.0,-1006880.0,-587350331.0,-167480856.0,0.0,-13689756.0,12437608.0,3500000.0,0.0,320000000.0
1.0,247793290.0,74350658.0,4775850.0,17738766.0,1986142.0,11382577.0,216773305.0,211074192.0,-4200460.0,229884924.0,0.0,0.0,230000000.0
1.0,-133452895.0,4381679.0,-17528353.0,7473467.0,6814740.0,-237286878.0,42856311.0,81632250.0,475997.0,34857213.0,-280000.0,0.0,123457646.0
1.0,-264076016.0,0.0,4192574.0,-7865032.0,-67421360.0,-196237197.0,196408216.0,5316000.0,-10608032.0,1843549.0,-2000000.0,0.0,0.0
1.0,321932888.0,-38303101.0,-184853637.0,-824355.0,-116508050.0,-356221.0,6302220.0,-38727810.0,-3721016.0,-133066993.0,0.0,0.0,0.0
1.0,7639713336.0,4516312237.0,-8871063.0,0.0,-826085593.0,-287888192.0,1716990189.0,501011311.0,255541253.0,1639100997.0,266319000.0,0.0,0.0
1.0,2255059038.0,230787852.0,143033000.0,111077874.0,0.0,527867098.0,793241080.0,749077773.0,-2957898.0,144637008.0,19000000.0,0.0,1295564796.0
1.0,-1286609140.0,-155449914.0,55472249.0,20857917.0,-10077510.0,-640715181.0,-385865090.0,-576491080.0,-62048901.0,2394376743.0,0.0,0.0,1520000000.0
1.0,-4509300.0,-7126556.0,-222466156.0,0.0,0.0,-239751144.0,-2317917.0,3831460.0,0.0,-420334911.0,-290023000.0,0.0,0.0
1.0,-38150000.0,15288005.0,-22293325.0,-32343956.0,6320170.0,42860043.0,108609174.0,113092420.0,-1125254.0,5248465.0,2090000.0,0.0,-18380274.0
1.0,946868934.0,0.0,1253031144.0,-34467597.0,71947713.0,-182769623.0,2449931179.0,149923920.0,12825908.0,1036792775.0,0.0,0.0,505650000.0
1.0,18000000000.0,4204415845.0,36802162.0,131690505.0,-477013638.0,311005873.0,-266712574.0,-17093287.0,82047731.0,-443078610.0,1317202400.0,0.0,-2268132070.0
1.0,-489284386.0,10148345.0,66079014.0,195182336.0,0.0,137860434.0,0.0,0.0,0.0,0.0,0.0,0.0,0.0
1.0,1408252263.0,0.0,43082254.0,4472586.0,-16612670.0,453227831.0,-1073806673.0,-252999310.0,167460800.0,1336495074.0,0.0,0.0,0.0
1.0,-74416500.0,-29016052.0,140011768.0,-4863567.0,6530330.0,-62545690.0,128671345.0,0.0,-18404727.0,-91636623.0,1660000.0,0.0,0.0
1.0,-287183739.0,25117265.0,-39797592.0,26322578.0,-11204514.0,-355247936.0,-685641401.0,94048936.0,-17068103.0,664513076.0,16000000.0,0.0,1872067803.0
1.0,-348830200.0,0.0,-16931882.0,2238273.0,-1006880.0,-587350331.0,-167480856.0,0.0,-13689756.0,12437608.0,3500000.0,0.0,320000000.0
1.0,-115206129.0,0.0,-32540521.0,-1729058.0,7787930.0,-22311912.0,322898848.0,9318128.0,0.0,-27288022.0,0.0,0.0,0.0
1.0,-133452895.0,4381679.0,-17528353.0,7473467.0,6814740.0,-237286878.0,42856311.0,81632250.0,475997.0,34857213.0,-280000.0,0.0,123457646.0
1.0,-573840956.0,0.0,532952988.0,22157290.0,-41548230.0,-172295267.0,446585042.0,21352905.0,-723016.0,483259104.0,-6000000.0,0.0,1280000000.0
1.0,-4575352079.0,-764122397.0,466125297.0,-102351760.0,-91539415.0,-1070187507.0,497725291.0,634852149.0,55201341.0,-5388726547.0,0.0,0.0,-1129060000.0
1.0,2289815546.0,103914426.0,-16306739.0,41408369.0,20398519.0,-245622042.0,322613739.0,258980164.0,31033336.0,-433437108.0,5000000.0,0.0,0.0
